197
2807 3168 1430936
7030 2715 1015435
4762 703 590278
9178 5157 454083
7877 3046 819947
7174 4112 506930
8406 7184 670482
5908 8926 101764
35 3310 115714
8740 9366 45016
2889 5141 286000
5798 5605 1384262
4455 3661 370308
1113 1817 427877
7397 8915 137111
3364 3365 291791
726 6720 133014
1421 124 395654
9013 2207 433410
6270 4215 217158
5811 7051 641864
932 6949 386761
6863 4582 2773717
4766 9771 2403158
1944 6729 212254
1802 7465 189374
8585 6731 376534
7926 3028 172729
3244 4714 217499
570 7535 964134
6465 5684 2031237
5788 70 115743
8643 5652 649113
3393 9931 319466
4058 1549 663151
6725 1766 607405
5904 6640 41406
4116 2400 77176
1022 6183 2159742
8787 8772 356244
4073 4650 1699723
8474 7421 354324
1 8122 358725
2724 5329 1318385
2847 3845 169553
8180 7425 422535
5302 2734 357697
5276 4321 219740
7442 4191 60786
3112 2481 159735
4757 2406 14319
7916 5761 98318
2882 6126 526106
7992 6365 186108
4562 3891 193739
8748 9828 281303
7303 8694 3819
2010 5573 203017
1858 4864 357079
8082 3946 80371
4726 643 1338294
1762 4945 51838
5283 5070 264714
3681 8627 263501
6928 9639 96057
3016 2087 953334
602 8521 364080
448 4529 40839
1484 9911 272134
6323 8616 1105377
9467 9781 99743
852 4180 146100
7344 1287 144722
3047 6630 603340
4743 3468 159897
2574 6278 688057
5068 7424 668031
7074 2403 386271
7128 9409 1040533
505 609 170355
1138 1626 169281
2584 3077 1013853
7486 5209 110916
9240 2412 128356
9785 572 426230
1551 4349 354797
1775 2406 1127265
6487 2707 387787
6986 683 19826
738 6001 537287
2392 7671 57851
1294 4843 381514
4298 156 907481
6877 7927 251980
6660 1257 373710
8615 4835 14391
9032 7359 588264
6374 6930 1391511
2870 7325 82616
3681 9810 1065776
25 5704 2612965
4789 3687 42400
2136 1154 119835
8457 3951 203956
5965 3993 1994662
3800 8468 376610
4905 4511 1887908
6045 1125 784269
1741 9968 481905
3158 6483 25602
2267 523 595643
158 9785 166670
7754 7369 668549
6202 3560 296652
9387 1669 296833
7027 2511 28204
9753 62 194948
3231 2336 147187
9736 5239 387483
7162 3254 4072
9054 2948 97077
8325 8464 479226
1931 7644 9530
7059 7578 740016
1939 5380 104422
2647 7016 2019919
666 7628 375742
8498 8680 651452
9793 5575 700505
4429 2728 764809
4253 3049 1168455
1974 2305 80020
5903 4422 608164
9852 5333 796865
5108 5517 146486
522 4818 4214
8571 2809 203975
6800 2682 87074
8430 7266 253820
5350 6847 1884630
3448 2282 273121
9770 2588 255542
6091 9214 890635
9593 2860 1269154
2863 9502 29029
6667 2855 52076
831 6415 337528
347 8106 896267
223 8794 898113
6156 6842 81329
8605 7916 122756
4815 3858 509869
31 7255 68757
2772 1135 314064
3236 3968 11759
1505 9831 450322
8938 7687 103375
2021 5180 329925
7443 3188 800571
1765 244 83667
7809 8751 1059256
6064 2867 44665
9526 5559 31327
5749 9915 606728
9495 1800 266003
7928 8524 247507
1256 9360 273135
5770 8288 283414
6500 4579 1549676
2863 2674 1638879
59 6106 124877
413 4153 1195893
1369 6950 52648
1275 9359 1416707
753 3837 94908
4301 1147 103405
6125 5145 104211
5603 8313 1240984
6987 2821 73847
2521 4259 247469
5423 3914 14399
3761 1334 870909
2087 4904 315364
6305 2120 1186956
1594 7006 858292
8296 8133 938825
357 339 365696
1195 8816 111048
7079 2551 1100866
2980 2186 532032
7099 6632 227306
1727 9373 783148
5227 785 315659
6216 7146 35520
203 85 200148
441 4603 226798
3486 5462 491714
