190
2973 2966 564845
7931 5480 787140
4130 3103 647256
6909 4449 389337
4975 6359 939662
1467 7878 217514
6324 3927 718929
1713 7384 124323
920 5653 179432
953 9645 180664
5505 3263 816676
289 2372 48484
6948 6231 160911
8499 6258 332556
6974 2135 27833
2244 2132 228638
2613 9545 468962
1886 3043 569621
9829 6488 571192
1917 3200 453923
5829 4117 1750432
957 4178 480799
1292 8166 26094
9409 6365 302486
6187 6044 165772
9236 4033 851609
6259 2008 336972
718 7707 437916
388 1978 117069
9329 3873 939097
7690 8801 828191
1598 7074 27922
5988 8714 98308
5065 336 178599
1890 1240 472549
1270 2773 2450768
4244 5274 781264
3592 4264 67869
5343 4491 1081413
3991 118 346734
8353 4427 480693
7955 1265 1018404
8213 3730 1068600
7296 8938 270972
9378 5838 27157
7197 6292 188438
5762 3689 2120986
5488 2855 498467
5848 443 51865
4093 5435 25077
7895 1507 698711
7467 6340 630755
598 4994 788080
2946 4754 30237
8417 2037 1273316
1253 198 40109
1240 2126 1182
2425 7757 593958
8909 8352 178367
605 4338 325778
1216 6879 115549
2311 6348 735669
4730 8235 225278
2392 1588 16880
5247 3497 268240
298 8709 780695
3086 7080 1118966
9558 8496 727920
9329 895 1822175
3018 1731 803368
5867 4267 1117891
1811 3432 19997
441 2659 972986
8054 2749 1261148
496 8766 418328
8209 3939 276883
1698 6097 63380
157 1139 68839
7237 6444 73397
7305 3694 355332
270 4745 263995
3895 7233 277333
1563 9528 360305
2865 9621 447857
5797 8533 284741
4271 7072 358487
601 6717 95529
9469 1401 76715
3012 962 405844
8695 6032 33545
8223 7916 260815
2232 2545 2467395
7122 8004 44082
9885 8864 290317
401 7933 678381
4446 6826 196430
4472 2456 780695
7760 7494 408175
1190 6381 557434
9632 1559 9037
7351 3112 408677
2069 7731 648130
5874 9351 339675
3615 8730 648080
9946 1384 1973251
8808 559 185647
3472 2505 785959
4758 4629 622634
907 3438 1348704
9722 1005 373270
5115 9298 84288
7869 2460 594389
8960 4929 303114
6705 2132 219134
1365 6012 641572
3105 273 352246
3990 7921 248767
2611 6870 371292
2051 4432 574957
3042 3866 37787
7983 3798 421264
1675 4349 1323796
3768 6851 159873
4239 2511 21686
9376 1112 209057
2912 3481 171559
775 6941 270865
9505 6346 1786413
8759 3391 19654
2208 2956 327652
110 5320 652190
5571 641 632431
2684 2230 24069
7823 9033 1083764
1805 9378 1268400
4705 8540 231714
819 2909 1317646
533 8518 88568
8495 2981 326951
8465 282 32974
580 9535 219027
2976 3843 5878
4003 3744 482839
2300 7777 886715
2603 2770 453966
7849 9020 242891
4996 4411 785232
2305 4809 71971
1189 3736 462142
4212 2181 292254
1336 1262 656681
7007 2182 202527
661 312 167287
7685 9377 403161
8313 8542 1885265
1098 618 55276
1542 8808 184911
4926 9062 352
83 8683 248781
1909 6777 2177369
1778 8211 1221507
9448 5291 2819843
617 9443 1155447
1015 4785 298741
622 8869 1335063
903 9605 71806
6719 6686 438708
1493 2316 44067
7243 947 931307
9979 3809 273381
2945 8741 462243
7401 7687 260997
6817 6940 34317
4879 7733 452013
4736 8839 162260
468 6356 669936
4801 7809 648148
3573 7024 434426
8411 5585 1018167
3241 1295 1879112
9445 8031 1094365
2062 1529 224497
2103 3977 24114
1135 7086 445456
5468 6049 517395
7647 4236 134383
2018 411 482639
6450 9901 86563
9715 1699 408374
9484 3572 933155
