100
3885 3804 239219
5057 4335 1508849
7566 3305 968410
2856 116 517957
8413 6159 2164581
8213 6182 266401
1764 2886 3211036
7111 7908 1226534
7575 8792 608053
5787 5474 430748
7667 9195 651332
1053 7466 17676
6232 9219 1521673
9859 2682 1789452
5849 8150 392960
3236 6322 328835
7881 439 1872717
4020 5156 369254
6962 8804 2750169
2474 6917 344973
2388 5869 957440
6340 8835 1165809
1214 9879 273566
4698 763 575325
641 6484 1596504
5528 1684 241549
3436 67 362294
5802 6827 1325570
7804 9228 563472
6508 1045 291695
9840 7543 777767
9391 6988 2287419
5445 78 277333
7637 1612 319251
2439 6409 4360514
7893 9355 235664
7172 3861 170514
1205 428 86039
3607 36 166814
5384 5182 1261845
7477 9726 691359
4534 1026 1878474
6836 6213 1177815
6104 6861 1051420
4054 5090 26486
3633 3520 2876673
7342 3630 219532
1587 3273 1049541
7831 3097 360818
1793 9441 559486
8857 1326 624816
8271 4571 1798491
886 4795 2507081
567 6090 1287441
80 4281 998917
126 6988 820553
9024 5225 253929
8408 3216 432576
3832 4808 265760
3526 2740 106887
7663 4479 356226
8736 6505 946638
417 7710 114071
7367 8414 268558
5729 717 371780
1833 2247 92199
8185 1802 279343
1973 7708 1317214
2669 6510 1298048
5038 9928 1628080
8895 1652 811746
3637 8804 347523
1940 2832 1473078
2229 1564 3051676
9944 6996 537333
4543 8267 5282941
4175 9 562680
3681 8562 1238777
7186 242 688362
9096 2635 3058150
2913 1994 1041878
8976 2396 211758
2558 6674 450588
3752 1113 218067
8053 9233 129670
4603 2151 350846
7714 1298 1668078
7816 2408 1889018
4509 9902 2812741
2715 6245 293091
3199 2124 231404
3083 5535 75114
4377 6253 95079
8041 9609 2602008
517 2455 386959
5586 1963 89033
5138 5504 3242077
2264 8115 1794567
1440 2401 334440
7534 7303 893893
